0 1 f t
78 551
79 602
80 659
79 711
82 761
83 824
82 876
80 943

0 1 f f
365 170
364 195
364 217
365 240
365 262
366 283
368 306
367 331

0 1 f f
362 425
362 447
364 470

0 1 f f
364 583
363 607
364 633

0 1 f f
365 717
365 744
366 769
366 792

0 1 f f
365 884
364 909
364 933

0 1 f f
656 192
656 215
656 239
656 264

0 1 f f
656 358
656 381
656 405

0 1 f f
661 704
661 727

0 1 f f
661 915
661 938

0 1 f f
951 280
951 299

0 3 f f
951 368
951 389
952 408
952 428
953 448
952 470
952 489
953 510
954 529
954 548

0 8 t f
941 668
941 688
941 708
941 728
941 747
941 768
941 789
941 810
